26
53
7
66
7
23
76
11
12
32
69
82
57
49
92
60
33
47
38
13
85
88
68
71
57
92
73
7
44
83
68
59
77
11
61
20
4
9
26
30
80
30
29
32
17
88
50
10
12
42
99
86
45
13
82
37
84
35
8
14
50
69
66
29
63
9
4
45
88
72
55
23
20
7
33
55
58
36
54
69
42
62
95
1
83
82
14
63
29
23
35
68
1
11
79
10
63
0
68
7
84
4
22
39
87
75
65
37
80
27
78
48
81
39
72
87
74
65
45
81
95
40
16
64
36
87
22
8
28
22
91
58
68
46
84
37
40
55
14
8
17
76
83
1
45
87
86
61
39
91
36
98
55
87
11
43
87
57
3
99
53
56
8
57
35
20
80
34
54
34
47
19
50
37
64
18
57
14
19
48
0
60
69
36
86
92
3
80
34
41
50
82
51
14
54
60
67
25
66
24
7
51
7
5
44
16
48
17
23
92
86
72
38
55
99
92
86
72
71
42
17
99
99
13
84
64
67
35
82
3
50
31
48
94
40
48
53
64
92
69
44
85
57
42
54
77
43
96
15
62
73
95
54
23
7
8
51
93
20
79
49
13
35
19
42
54
24
44
14
50
38
22
80
1
98
32
41
57
58
6
21
71
19
19
29
55
77
25
87
32
96
59
43
12
20
31
50
38
0
99
53
99
81
64
24
51
15
52
24
74
67
93
35
14
58
77
93
15
89
86
77
99
57
82
54
78
78
67
80
67
82
2
57
58
53
21
90
55
95
78
40
24
0
12
65
2
24
29
54
43
38
34
48
13
22
54
41
99
10
45
72
47
72
57
92
64
36
76
60
36
87
37
20
11
46
52
98
44
16
51
54
49
13
37
29
47
54
44
36
99
80
90
45
50
5
92
52
43
19
1
66
47
68
17
55
0
13
36
66
69
55
97
82
58
90
22
34
34
28
44
9
91
40
60
56
96
92
70
5
54
0
55
25
15
85
7
81
95
81
28
33
17
77
66
44
83
8
86
59
83
58
17
15
74
91
75
6
7
61
59
7
43
30
12
68
0
71
66
73
83
41
38
52
99
11
91
13
74
16
73
88
6
10
22
95
83
40
50
24
10
0
73
34
22
21
90
86
64
97
43
11
41
13
75
41
19
64
15
63
99
61
32
90
87
70
1
32
8
16
85
60
21
42
62
82
68
3
30
77
20
5
48
76
73
62
47
92
35
81
76
18
24
86
24
49
68
82
47
52
20
57
78
48
12
83
89
98
50
92
73
16
34
37
42
94
12
55
17
25
22
8
97
26
40
66
35
34
18
13
14
85
56
77
57
63
26
0
64
89
72
49
42
42
7
59
84
86
43
29
36
12
64
22
29
11
59
51
7
45
47
55
79
36
78
87
60
56
80
79
68
11
91
27
52
73
65
55
18
81
82
48
90
88
76
2
20
34
48
45
3
74
93
18
41
17
69
5
64
20
99
28
6
64
61
25
20
36
69
55
46
4
32
26
63
98
64
90
59
75
66
26
7
34
75
93
17
72
86
35
4
59
91
98
82
53
42
26
27
51
81
84
64
93
99
98
42
67
55
42
53
79
46
88
53
72
20
72
88
68
8
48
50
34
51
86
13
34
43
9
56
38
63
8
93
82
61
14
34
76
51
50
17
43
81
25
13
2
44
9
33
70
37
58
42
33
33
30
41
13
85
7
23
46
86
15
15
37
94
71
10
5
37
11
17
58
30
7
52
26
72
11
89
34
76
86
0
4
65
60
49
31
73
21
91
43
26
71
56
66
9
75
7
73
98
27
33
25
41
84
2
25
77
15
40
74
17
89
69
0
14
11
72
34
22
79
32
15
20
73
31
59
50
85
17
96
3
16
35
48
52
74
63
80
57
23
54
57
80
17
25
36
1
56
52
98
3
72
51
19
94
17
5
67
53
43
75
92
98
44
70
0
54
21
47
40
48
91
77
98
25
74
35
2
47
95
58
94
33
18
92
31
65
15
53
35
68
95
27
13
47
62
59
36
47
24
82
79
8
11
50
12
94
52
94
19
82
2
20
58
84
81
58
79
51
39
35
38
67
12
71
52
64
63
50
62
14
98
55
22
12
78
85
21
68
80
36
13
20
34
52
65
75
69
29
66
3
80
85
8
89
43
12
96
40
97
48
31
1
31
4
83
47
97
45
6
95
36
10
70
2
21
17
33
59
5
77
94
34
84
59
34
13
47
33
69
66
89
81
71
32
5
12
89
29
68
18
78
24
22
70
