6
25
4
36
43
20
58
24
39
20
16
15
93
87
33
43
74
11
27
29
1
72
29
96
56
76
99
36
18
53
6
33
91
68
99
36
95
80
85
65
37
68
38
85
81
71
44
45
80
10
31
75
91
19
79
34
96
8
79
67
20
23
7
85
14
82
23
25
88
96
48
94
26
62
92
32
35
43
15
84
33
55
55
8
23
31
42
73
88
66
39
88
1
18
45
14
62
53
71
99
49
19
56
84
62
36
50
30
26
48
98
53
92
94
34
65
68
98
62
83
41
49
37
23
57
59
93
8
17
79
70
81
71
16
36
14
98
71
45
87
81
12
48
41
67
85
96
6
83
80
46
63
90
88
58
99
82
34
27
3
42
42
14
47
77
18
82
76
59
20
67
97
54
75
2
29
2
95
56
71
63
88
24
37
34
8
91
83
58
37
32
65
44
42
45
39
98
2
64
50
4
21
47
63
13
48
9
16
86
29
97
87
77
55
40
54
19
76
13
69
26
99
18
23
88
2
53
12
31
62
31
1
31
7
68
43
41
60
24
85
98
75
96
29
39
45
87
89
3
90
21
22
88
94
24
5
3
24
75
12
95
97
85
24
98
97
56
71
87
96
14
58
52
28
70
51
3
89
84
43
15
64
10
40
42
9
12
36
83
63
41
17
85
13
89
2
90
72
30
42
89
17
2
6
76
63
70
61
25
73
2
13
40
32
96
32
87
45
82
89
85
20
88
25
56
96
73
40
38
68
60
31
60
43
54
98
62
4
63
79
39
51
12
11
61
28
76
53
16
57
15
45
89
40
56
69
29
77
50
80
89
30
23
56
13
71
53
97
78
98
70
83
81
4
51
35
8
78
63
28
20
21
24
80
54
15
41
20
86
84
69
85
54
83
89
9
28
56
97
90
75
78
74
18
87
31
64
86
89
22
61
51
14
22
60
69
7
43
2
97
30
34
12
93
29
84
30
97
14
42
7
52
80
73
52
41
46
6
92
24
51
55
30
65
23
19
71
32
23
20
2
85
54
1
60
42
67
81
88
3
2
66
72
48
16
10
70
40
69
20
24
1
50
78
47
75
4
47
70
10
14
97
75
94
40
21
98
80
14
11
74
65
18
89
22
84
83
82
49
14
49
31
62
4
96
2
36
75
54
85
38
21
11
78
89
4
91
78
8
94
12
90
27
59
45
59
83
60
56
62
91
22
97
57
61
82
35
71
98
39
84
23
27
28
73
54
54
39
1
19
93
6
75
54
3
58
4
4
58
37
18
76
19
91
93
17
23
54
17
7
68
20
79
68
10
88
64
98
85
91
5
45
59
38
68
86
47
43
54
4
79
32
14
61
22
9
4
35
35
57
31
1
22
93
50
74
26
7
45
14
94
6
18
67
33
73
17
81
24
8
69
79
99
14
28
37
7
19
47
2
85
29
64
29
60
4
23
66
88
94
61
40
98
41
10
73
14
47
29
48
92
23
12
28
87
51
2
9
66
13
68
7
59
43
29
65
41
89
7
29
50
50
92
30
46
29
81
58
5
54
24
60
90
98
9
63
18
37
41
9
3
15
1
76
26
54
81
55
13
44
33
24
40
1
98
42
30
82
81
58
70
43
4
12
88
9
17
60
35
65
47
5
48
97
26
35
50
17
4
91
48
26
46
60
22
1
20
90
1
67
33
36
55
83
39
59
11
88
87
18
38
21
21
47
96
29
75
43
74
63
91
13
78
89
11
44
97
44
90
88
88
26
60
68
32
12
49
65
59
67
25
62
30
85
54
28
6
99
63
93
25
77
17
37
75
20
57
65
73
94
62
67
98
99
30
12
60
52
15
85
79
11
84
8
39
30
83
93
36
82
38
97
81
97
63
12
10
23
92
13
55
83
92
64
5
57
64
30
56
42
67
53
84
77
14
15
93
9
98
46
37
63
29
90
56
64
86
2
36
18
3
38
59
3
31
95
19
20
3
81
65
54
38
94
16
85
14
4
83
49
19
1
25
47
75
91
55
2
9
40
71
63
94
38
40
30
94
82
47
19
95
73
7
17
80
83
26
35
74
71
51
83
18
87
99
2
13
13
27
40
41
17
12
63
11
3
59
99
55
86
91
31
56
64
53
45
94
9
66
92
65
21
28
37
88
88
45
8
38
38
17
81
55
8
78
79
62
43
7
77
24
26
79
88
80
21
27
54
34
54
7
5
46
34
74
21
89
74
74
22
58
52
61
17
69
10
75
49
86
74
83
51
2
89
69
40
41
39
57
68
